3.000000e+06 0
1.760000e+03 2.01e-31
5.290000e+03 6.84e-06
8.810000e+03 5.36e-05
1.230000e+04 0.000151025
1.590000e+04 0.000284952
1.940000e+04 0.000484989
2.290000e+04 0.000663939
2.640000e+04 0.000923816
3.000000e+04 0.0011552
3.350000e+04 0.00138658
3.700000e+04 0.00163905
4.050000e+04 0.00192115
4.410000e+04 0.00218388
4.760000e+04 0.00241982
5.110000e+04 0.00271218
5.460000e+04 0.00291791
5.810000e+04 0.00318406
6.170000e+04 0.00358869
6.520000e+04 0.00371521
6.870000e+04 0.00394887
7.220000e+04 0.00414663
7.580000e+04 0.00453929
7.930000e+04 0.00472109
8.280000e+04 0.00495475
8.630000e+04 0.00525623
8.990000e+04 0.00537819
9.340000e+04 0.00555087
9.690000e+04 0.00573153
1.000000e+05 0.005931
1.040000e+05 0.00609399
1.070000e+05 0.00627009
1.110000e+05 0.00647298
1.150000e+05 0.00664281
1.180000e+05 0.00683772
1.220000e+05 0.00696709
1.250000e+05 0.00717453
1.290000e+05 0.00726743
1.320000e+05 0.00749824
1.360000e+05 0.00757802
1.390000e+05 0.00773019
1.430000e+05 0.0079952
1.460000e+05 0.00784873
1.500000e+05 0.00819466
1.530000e+05 0.00812912
1.570000e+05 0.0085349
1.600000e+05 0.00841521
1.640000e+05 0.0085178
1.670000e+05 0.00873949
1.710000e+05 0.00875944
1.740000e+05 0.00888938
1.780000e+05 0.00894637
1.810000e+05 0.00883466
1.850000e+05 0.00902216
1.890000e+05 0.00906092
1.920000e+05 0.00936639
1.960000e+05 0.00927178
1.990000e+05 0.00933447
2.030000e+05 0.00925981
2.060000e+05 0.00946783
2.100000e+05 0.00937493
2.130000e+05 0.00947581
2.170000e+05 0.00949747
2.200000e+05 0.00952311
2.240000e+05 0.00941369
2.270000e+05 0.00953052
2.310000e+05 0.00972315
2.340000e+05 0.00962968
2.380000e+05 0.00964621
2.410000e+05 0.00956813
2.450000e+05 0.00958466
2.480000e+05 0.00963709
2.520000e+05 0.00973397
2.560000e+05 0.00964507
2.590000e+05 0.00972144
2.630000e+05 0.00977216
2.660000e+05 0.00970377
2.700000e+05 0.00958751
2.730000e+05 0.00961145
2.770000e+05 0.00949063
2.800000e+05 0.00957953
2.840000e+05 0.00944959
2.870000e+05 0.00927007
2.910000e+05 0.00930313
2.940000e+05 0.00948664
2.980000e+05 0.00941312
3.010000e+05 0.00927406
3.050000e+05 0.00923474
3.080000e+05 0.00912874
3.120000e+05 0.00899709
3.150000e+05 0.00894124
3.190000e+05 0.00888197
3.220000e+05 0.00890647
3.260000e+05 0.0087885
3.300000e+05 0.00872752
3.330000e+05 0.00869048
3.370000e+05 0.00868136
3.400000e+05 0.0084648
3.440000e+05 0.00835025
3.470000e+05 0.00825621
3.510000e+05 0.00830294
3.540000e+05 0.00807384
3.580000e+05 0.00796271
3.610000e+05 0.00794789
3.650000e+05 0.00781852
3.680000e+05 0.00774729
3.720000e+05 0.00761621
3.750000e+05 0.00759398
3.790000e+05 0.00759113
3.820000e+05 0.00733867
3.860000e+05 0.00731473
3.890000e+05 0.00705143
3.930000e+05 0.00700299
3.960000e+05 0.00698076
4.000000e+05 0.00681036
4.040000e+05 0.00669752
4.070000e+05 0.00653453
4.110000e+05 0.00646101
4.140000e+05 0.00634988
4.180000e+05 0.00617492
4.210000e+05 0.00602162
4.250000e+05 0.0060256
4.280000e+05 0.00582044
4.320000e+05 0.0056318
4.350000e+05 0.00564149
4.390000e+05 0.0054842
4.420000e+05 0.00529385
4.460000e+05 0.00526763
4.490000e+05 0.0051679
4.530000e+05 0.00498895
4.560000e+05 0.00481057
4.600000e+05 0.00473648
4.630000e+05 0.00448629
4.670000e+05 0.00454328
4.700000e+05 0.00437573
4.740000e+05 0.00415689
4.780000e+05 0.00407311
4.810000e+05 0.00384971
4.850000e+05 0.00382577
4.880000e+05 0.00367703
4.920000e+05 0.00352942
4.950000e+05 0.00337441
4.990000e+05 0.00338239
5.020000e+05 0.00327923
5.060000e+05 0.00313391
5.090000e+05 0.0030336
5.130000e+05 0.0028387
5.160000e+05 0.00274067
5.200000e+05 0.00264094
5.230000e+05 0.00254634
5.270000e+05 0.00245629
5.300000e+05 0.0021833
5.340000e+05 0.00215709
5.370000e+05 0.00205679
5.410000e+05 0.00193141
5.440000e+05 0.00180432
5.480000e+05 0.00174562
5.520000e+05 0.00158889
5.550000e+05 0.00158149
5.590000e+05 0.00148517
5.620000e+05 0.00136891
5.660000e+05 0.00125892
5.690000e+05 0.00115178
5.730000e+05 0.00107028
5.760000e+05 0.000944332
5.800000e+05 0.00089817
5.830000e+05 0.000844029
5.870000e+05 0.000744296
5.900000e+05 0.000691295
5.940000e+05 0.000632594
5.970000e+05 0.000567625
6.010000e+05 0.000506076
6.040000e+05 0.000415461
6.080000e+05 0.000365309
6.110000e+05 0.000312878
6.150000e+05 0.000267285
6.180000e+05 0.000223403
6.220000e+05 0.000175531
6.260000e+05 0.000136207
6.290000e+05 0.000112841
6.330000e+05 8.43e-05
6.360000e+05 4.96e-05
6.400000e+05 3.48e-05
6.430000e+05 1.71e-05
6.470000e+05 1.37e-05
6.500000e+05 3.42e-06
6.540000e+05 1.71e-06
6.570000e+05 2.01e-31
6.610000e+05 2.01e-31
6.640000e+05 2.01e-31
6.680000e+05 2.01e-31
6.710000e+05 2.01e-31
6.750000e+05 2.01e-31
6.780000e+05 2.01e-31
6.820000e+05 2.01e-31
6.850000e+05 2.01e-31
6.890000e+05 2.01e-31
6.930000e+05 2.01e-31
6.960000e+05 2.01e-31
7.000000e+05 2.01e-31
7.030000e+05 2.01e-31
7.070000e+05 2.01e-31
7.100000e+05 2.01e-31
7.140000e+05 2.01e-31
7.170000e+05 2.01e-31
7.210000e+05 2.01e-31
7.240000e+05 2.01e-31
7.280000e+05 2.01e-31
7.310000e+05 2.01e-31
7.350000e+05 2.01e-31
7.380000e+05 2.01e-31
7.420000e+05 2.01e-31
7.450000e+05 2.01e-31
7.490000e+05 2.01e-31
7.520000e+05 2.01e-31
7.560000e+05 2.01e-31
7.590000e+05 2.01e-31
7.630000e+05 2.01e-31
7.670000e+05 2.01e-31
7.700000e+05 2.01e-31
7.740000e+05 2.01e-31
7.770000e+05 2.01e-31
7.810000e+05 2.01e-31
7.840000e+05 2.01e-31
7.880000e+05 2.01e-31
7.910000e+05 2.01e-31
7.950000e+05 2.01e-31
7.980000e+05 2.01e-31
8.020000e+05 2.01e-31
8.050000e+05 2.01e-31
8.090000e+05 2.01e-31
8.120000e+05 2.01e-31
8.160000e+05 2.01e-31
8.190000e+05 2.01e-31
8.230000e+05 2.01e-31
8.260000e+05 2.01e-31
8.300000e+05 2.01e-31
8.330000e+05 2.01e-31
8.370000e+05 2.01e-31
8.410000e+05 2.01e-31
8.440000e+05 2.01e-31
8.480000e+05 2.01e-31
8.510000e+05 2.01e-31
8.550000e+05 2.01e-31
8.580000e+05 2.01e-31
8.620000e+05 2.01e-31
8.650000e+05 2.01e-31
8.690000e+05 2.01e-31
8.720000e+05 2.01e-31
8.760000e+05 2.01e-31
8.790000e+05 2.01e-31
8.830000e+05 2.01e-31
8.860000e+05 2.01e-31
8.900000e+05 2.01e-31
8.930000e+05 2.01e-31
8.970000e+05 2.01e-31
9.000000e+05 2.01e-31
9.040000e+05 2.01e-31
9.070000e+05 2.01e-31
9.110000e+05 2.01e-31
9.150000e+05 2.01e-31
9.180000e+05 2.01e-31
9.220000e+05 2.01e-31
9.250000e+05 2.01e-31
9.290000e+05 2.01e-31
9.320000e+05 2.01e-31
9.360000e+05 2.01e-31
9.390000e+05 2.01e-31
9.430000e+05 2.01e-31
9.460000e+05 2.01e-31
9.500000e+05 2.01e-31
9.530000e+05 2.01e-31
9.570000e+05 2.01e-31
9.600000e+05 2.01e-31
9.640000e+05 2.01e-31
9.670000e+05 2.01e-31
9.710000e+05 2.01e-31
9.740000e+05 2.01e-31
9.780000e+05 2.01e-31
9.810000e+05 2.01e-31
9.850000e+05 2.01e-31
9.890000e+05 2.01e-31
9.920000e+05 2.01e-31
9.960000e+05 2.01e-31
9.990000e+05 2.01e-31
1.000000e+06 2.01e-31
1.010000e+06 2.01e-31
1.010000e+06 2.01e-31
1.010000e+06 2.01e-31
1.020000e+06 2.01e-31
1.020000e+06 2.01e-31
1.020000e+06 2.01e-31
1.030000e+06 2.01e-31
1.030000e+06 2.01e-31
1.030000e+06 2.01e-31
1.040000e+06 2.01e-31
1.040000e+06 2.01e-31
1.040000e+06 2.01e-31
1.050000e+06 2.01e-31
1.050000e+06 2.01e-31
1.060000e+06 2.01e-31
1.060000e+06 2.01e-31
1.060000e+06 2.01e-31
1.070000e+06 2.01e-31
1.070000e+06 2.01e-31
1.070000e+06 2.01e-31
1.080000e+06 2.01e-31
1.080000e+06 2.01e-31
1.080000e+06 2.01e-31
1.090000e+06 2.01e-31
1.090000e+06 2.01e-31
1.090000e+06 2.01e-31
1.100000e+06 2.01e-31
1.100000e+06 2.01e-31
1.100000e+06 2.01e-31
1.110000e+06 2.01e-31
1.110000e+06 2.01e-31
1.120000e+06 2.01e-31
1.120000e+06 2.01e-31
1.120000e+06 2.01e-31
1.130000e+06 2.01e-31
1.130000e+06 2.01e-31
1.130000e+06 2.01e-31
1.140000e+06 2.01e-31
1.140000e+06 2.01e-31
1.140000e+06 2.01e-31
1.150000e+06 2.01e-31
1.150000e+06 2.01e-31
1.150000e+06 2.01e-31
1.160000e+06 2.01e-31
1.160000e+06 2.01e-31
1.160000e+06 2.01e-31
1.170000e+06 2.01e-31
1.170000e+06 2.01e-31
1.180000e+06 2.01e-31
1.180000e+06 2.01e-31
1.180000e+06 2.01e-31
1.190000e+06 2.01e-31
1.190000e+06 2.01e-31
1.190000e+06 2.01e-31
1.200000e+06 2.01e-31
1.200000e+06 2.01e-31
1.200000e+06 2.01e-31
1.210000e+06 2.01e-31
1.210000e+06 2.01e-31
1.210000e+06 2.01e-31
1.220000e+06 2.01e-31
1.220000e+06 2.01e-31
1.220000e+06 2.01e-31
1.230000e+06 2.01e-31
1.230000e+06 2.01e-31
1.240000e+06 2.01e-31
1.240000e+06 2.01e-31
1.240000e+06 2.01e-31
1.250000e+06 2.01e-31
1.250000e+06 2.01e-31
1.250000e+06 2.01e-31
1.260000e+06 2.01e-31
1.260000e+06 2.01e-31
1.260000e+06 2.01e-31
1.270000e+06 2.01e-31
1.270000e+06 2.01e-31
1.270000e+06 2.01e-31
1.280000e+06 2.01e-31
1.280000e+06 2.01e-31
1.280000e+06 2.01e-31
1.290000e+06 2.01e-31
1.290000e+06 2.01e-31
1.300000e+06 2.01e-31
1.300000e+06 2.01e-31
1.300000e+06 2.01e-31
1.310000e+06 2.01e-31
1.310000e+06 2.01e-31
1.310000e+06 2.01e-31
1.320000e+06 2.01e-31
1.320000e+06 2.01e-31
1.320000e+06 2.01e-31
1.330000e+06 2.01e-31
1.330000e+06 2.01e-31
1.330000e+06 2.01e-31
1.340000e+06 2.01e-31
1.340000e+06 2.01e-31
1.340000e+06 2.01e-31
1.350000e+06 2.01e-31
1.350000e+06 2.01e-31
1.360000e+06 2.01e-31
1.360000e+06 2.01e-31
1.360000e+06 2.01e-31
1.370000e+06 2.01e-31
1.370000e+06 2.01e-31
1.370000e+06 2.01e-31
1.380000e+06 2.01e-31
1.380000e+06 2.01e-31
1.380000e+06 2.01e-31
1.390000e+06 2.01e-31
1.390000e+06 2.01e-31
1.390000e+06 2.01e-31
1.400000e+06 2.01e-31
1.400000e+06 2.01e-31
1.400000e+06 2.01e-31
1.410000e+06 2.01e-31
