3.000000e+06 0
1.730000e+03 0.000105204
5.200000e+03 0.000573509
8.670000e+03 0.0011179
1.210000e+04 0.00159457
1.560000e+04 0.00204326
1.910000e+04 0.00244818
2.250000e+04 0.00282904
2.600000e+04 0.00318481
2.950000e+04 0.00353748
3.290000e+04 0.00381273
3.640000e+04 0.00414506
3.990000e+04 0.00442474
4.330000e+04 0.00461368
4.680000e+04 0.00488427
5.030000e+04 0.00517686
5.370000e+04 0.00539099
5.720000e+04 0.00561905
6.070000e+04 0.00578413
6.410000e+04 0.00600156
6.760000e+04 0.00614672
7.110000e+04 0.00636105
7.450000e+04 0.006541
7.800000e+04 0.00674521
8.150000e+04 0.0068977
8.490000e+04 0.00706433
8.840000e+04 0.00719101
9.190000e+04 0.00731655
9.530000e+04 0.00746419
9.880000e+04 0.00757476
1.020000e+05 0.00771806
1.060000e+05 0.00783535
1.090000e+05 0.00793208
1.130000e+05 0.00809118
1.160000e+05 0.00817191
1.200000e+05 0.00824708
1.230000e+05 0.00831924
1.270000e+05 0.00848918
1.300000e+05 0.00852046
1.330000e+05 0.00863309
1.370000e+05 0.00873345
1.400000e+05 0.0087734
1.440000e+05 0.00883989
1.470000e+05 0.00890287
1.510000e+05 0.00896915
1.540000e+05 0.0089963
1.580000e+05 0.00908241
1.610000e+05 0.00916139
1.650000e+05 0.00915633
1.680000e+05 0.00919711
1.720000e+05 0.00922188
1.750000e+05 0.00922705
1.790000e+05 0.00932802
1.820000e+05 0.00923469
1.850000e+05 0.00930241
1.890000e+05 0.00939616
1.920000e+05 0.00933298
1.960000e+05 0.00940328
1.990000e+05 0.00936808
2.030000e+05 0.00944148
2.060000e+05 0.00940184
2.100000e+05 0.00936508
2.130000e+05 0.00940627
2.170000e+05 0.00932988
2.200000e+05 0.00933566
2.240000e+05 0.00931614
2.270000e+05 0.00928043
2.310000e+05 0.00927062
2.340000e+05 0.00921208
2.370000e+05 0.00920402
2.410000e+05 0.00921301
2.440000e+05 0.00919453
2.480000e+05 0.00920939
2.510000e+05 0.00908013
2.550000e+05 0.00904317
2.580000e+05 0.00903006
2.620000e+05 0.00901416
2.650000e+05 0.00893539
2.690000e+05 0.00884154
2.720000e+05 0.00882058
2.760000e+05 0.00882223
2.790000e+05 0.00867119
2.830000e+05 0.00872715
2.860000e+05 0.00855143
2.890000e+05 0.00854359
2.930000e+05 0.00849496
2.960000e+05 0.00844943
3.000000e+05 0.00837231
3.030000e+05 0.00822839
3.070000e+05 0.00816479
3.100000e+05 0.00810883
3.140000e+05 0.00801395
3.170000e+05 0.00794912
3.210000e+05 0.00788594
3.240000e+05 0.00774408
3.280000e+05 0.00768575
3.310000e+05 0.00759232
3.350000e+05 0.00752428
3.380000e+05 0.00747162
3.410000e+05 0.00730788
3.450000e+05 0.00720443
3.480000e+05 0.00713175
3.520000e+05 0.00705422
3.550000e+05 0.00689409
3.590000e+05 0.00681304
3.620000e+05 0.0067479
3.660000e+05 0.00664125
3.690000e+05 0.00657022
3.730000e+05 0.0064263
3.760000e+05 0.00632574
3.800000e+05 0.00619359
3.830000e+05 0.00613856
3.860000e+05 0.00601921
3.900000e+05 0.00586539
3.930000e+05 0.00576504
3.970000e+05 0.00568543
4.000000e+05 0.00556134
4.040000e+05 0.0054614
4.070000e+05 0.00533379
4.110000e+05 0.00521899
4.140000e+05 0.0050889
4.180000e+05 0.00502675
4.210000e+05 0.00489171
4.250000e+05 0.00478971
4.280000e+05 0.00468646
4.320000e+05 0.00451766
4.350000e+05 0.00442165
4.380000e+05 0.00430612
4.420000e+05 0.0042448
4.450000e+05 0.00409726
4.490000e+05 0.004006
4.520000e+05 0.00383668
4.560000e+05 0.00376761
4.590000e+05 0.00359468
4.630000e+05 0.00350713
4.660000e+05 0.00341886
4.700000e+05 0.00329683
4.730000e+05 0.00319782
4.770000e+05 0.0030668
4.800000e+05 0.00299505
4.840000e+05 0.00287292
4.870000e+05 0.00276689
4.900000e+05 0.00265033
4.940000e+05 0.0025477
4.970000e+05 0.0024234
5.010000e+05 0.00234638
5.040000e+05 0.00222487
5.080000e+05 0.00213814
5.110000e+05 0.00203975
5.150000e+05 0.00194332
5.180000e+05 0.00183172
5.220000e+05 0.00176121
5.250000e+05 0.00162276
5.290000e+05 0.00154574
5.320000e+05 0.00147915
5.360000e+05 0.00138158
5.390000e+05 0.0012928
5.420000e+05 0.00119988
5.460000e+05 0.00112523
5.490000e+05 0.0010605
5.530000e+05 0.000978941
5.560000e+05 0.000905949
5.600000e+05 0.000833679
5.630000e+05 0.000767604
5.670000e+05 0.000700291
5.700000e+05 0.00062895
5.740000e+05 0.000566799
5.770000e+05 0.00052003
5.810000e+05 0.000448587
5.840000e+05 0.000410593
5.880000e+05 0.00034648
5.910000e+05 0.000293311
5.940000e+05 0.000247987
5.980000e+05 0.000210614
6.010000e+05 0.000167459
6.050000e+05 0.000140409
6.080000e+05 0.000113876
6.120000e+05 8.37e-05
6.150000e+05 5.95e-05
6.190000e+05 4.21e-05
6.220000e+05 2.40e-05
6.260000e+05 1.12e-05
6.290000e+05 4.23e-06
6.330000e+05 2.17e-06
6.360000e+05 3.58e-32
6.400000e+05 3.58e-32
6.430000e+05 3.58e-32
6.460000e+05 3.58e-32
6.500000e+05 3.58e-32
6.530000e+05 3.58e-32
6.570000e+05 3.58e-32
6.600000e+05 3.58e-32
6.640000e+05 3.58e-32
6.670000e+05 3.58e-32
6.710000e+05 3.58e-32
6.740000e+05 3.58e-32
6.780000e+05 3.58e-32
6.810000e+05 3.58e-32
6.850000e+05 3.58e-32
6.880000e+05 3.58e-32
6.920000e+05 3.58e-32
6.950000e+05 3.58e-32
6.980000e+05 3.58e-32
7.020000e+05 3.58e-32
7.050000e+05 3.58e-32
7.090000e+05 3.58e-32
7.120000e+05 3.58e-32
7.160000e+05 3.58e-32
7.190000e+05 3.58e-32
7.230000e+05 3.58e-32
7.260000e+05 3.58e-32
7.300000e+05 3.58e-32
7.330000e+05 3.58e-32
7.370000e+05 3.58e-32
7.400000e+05 3.58e-32
7.440000e+05 3.58e-32
7.470000e+05 3.58e-32
7.500000e+05 3.58e-32
7.540000e+05 3.58e-32
7.570000e+05 3.58e-32
7.610000e+05 3.58e-32
7.640000e+05 3.58e-32
7.680000e+05 3.58e-32
7.710000e+05 3.58e-32
7.750000e+05 3.58e-32
7.780000e+05 3.58e-32
7.820000e+05 3.58e-32
7.850000e+05 3.58e-32
7.890000e+05 3.58e-32
7.920000e+05 3.58e-32
7.960000e+05 3.58e-32
7.990000e+05 3.58e-32
8.020000e+05 3.58e-32
8.060000e+05 3.58e-32
8.090000e+05 3.58e-32
8.130000e+05 3.58e-32
8.160000e+05 3.58e-32
8.200000e+05 3.58e-32
8.230000e+05 3.58e-32
8.270000e+05 3.58e-32
8.300000e+05 3.58e-32
8.340000e+05 3.58e-32
8.370000e+05 3.58e-32
8.410000e+05 3.58e-32
8.440000e+05 3.58e-32
8.480000e+05 3.58e-32
8.510000e+05 3.58e-32
8.540000e+05 3.58e-32
8.580000e+05 3.58e-32
8.610000e+05 3.58e-32
8.650000e+05 3.58e-32
8.680000e+05 3.58e-32
8.720000e+05 3.58e-32
8.750000e+05 3.58e-32
8.790000e+05 3.58e-32
8.820000e+05 3.58e-32
8.860000e+05 3.58e-32
8.890000e+05 3.58e-32
8.930000e+05 3.58e-32
8.960000e+05 3.58e-32
9.000000e+05 3.58e-32
9.030000e+05 3.58e-32
9.060000e+05 3.58e-32
9.100000e+05 3.58e-32
9.130000e+05 3.58e-32
9.170000e+05 3.58e-32
9.200000e+05 3.58e-32
9.240000e+05 3.58e-32
9.270000e+05 3.58e-32
9.310000e+05 3.58e-32
9.340000e+05 3.58e-32
9.380000e+05 3.58e-32
9.410000e+05 3.58e-32
9.450000e+05 3.58e-32
9.480000e+05 3.58e-32
9.520000e+05 3.58e-32
9.550000e+05 3.58e-32
9.580000e+05 3.58e-32
9.620000e+05 3.58e-32
9.650000e+05 3.58e-32
9.690000e+05 3.58e-32
9.720000e+05 3.58e-32
9.760000e+05 3.58e-32
9.790000e+05 3.58e-32
9.830000e+05 3.58e-32
9.860000e+05 3.58e-32
9.900000e+05 3.58e-32
9.930000e+05 3.58e-32
9.970000e+05 3.58e-32
1.000000e+06 3.58e-32
1.000000e+06 3.58e-32
1.010000e+06 3.58e-32
1.010000e+06 3.58e-32
1.010000e+06 3.58e-32
1.020000e+06 3.58e-32
1.020000e+06 3.58e-32
1.020000e+06 3.58e-32
1.030000e+06 3.58e-32
1.030000e+06 3.58e-32
1.030000e+06 3.58e-32
1.040000e+06 3.58e-32
1.040000e+06 3.58e-32
1.050000e+06 3.58e-32
1.050000e+06 3.58e-32
1.050000e+06 3.58e-32
1.060000e+06 3.58e-32
1.060000e+06 3.58e-32
1.060000e+06 3.58e-32
1.070000e+06 3.58e-32
1.070000e+06 3.58e-32
1.070000e+06 3.58e-32
1.080000e+06 3.58e-32
1.080000e+06 3.58e-32
1.080000e+06 3.58e-32
1.090000e+06 3.58e-32
1.090000e+06 3.58e-32
1.090000e+06 3.58e-32
1.100000e+06 3.58e-32
1.100000e+06 3.58e-32
1.100000e+06 3.58e-32
1.110000e+06 3.58e-32
1.110000e+06 3.58e-32
1.110000e+06 3.58e-32
1.120000e+06 3.58e-32
1.120000e+06 3.58e-32
1.120000e+06 3.58e-32
1.130000e+06 3.58e-32
1.130000e+06 3.58e-32
1.140000e+06 3.58e-32
1.140000e+06 3.58e-32
1.140000e+06 3.58e-32
1.150000e+06 3.58e-32
1.150000e+06 3.58e-32
1.150000e+06 3.58e-32
1.160000e+06 3.58e-32
1.160000e+06 3.58e-32
1.160000e+06 3.58e-32
1.170000e+06 3.58e-32
1.170000e+06 3.58e-32
1.170000e+06 3.58e-32
1.180000e+06 3.58e-32
1.180000e+06 3.58e-32
1.180000e+06 3.58e-32
1.190000e+06 3.58e-32
1.190000e+06 3.58e-32
1.190000e+06 3.58e-32
1.200000e+06 3.58e-32
1.200000e+06 3.58e-32
1.200000e+06 3.58e-32
1.210000e+06 3.58e-32
1.210000e+06 3.58e-32
1.210000e+06 3.58e-32
1.220000e+06 3.58e-32
1.220000e+06 3.58e-32
1.230000e+06 3.58e-32
1.230000e+06 3.58e-32
1.230000e+06 3.58e-32
1.240000e+06 3.58e-32
1.240000e+06 3.58e-32
1.240000e+06 3.58e-32
1.250000e+06 3.58e-32
1.250000e+06 3.58e-32
1.250000e+06 3.58e-32
1.260000e+06 3.58e-32
1.260000e+06 3.58e-32
1.260000e+06 3.58e-32
1.270000e+06 3.58e-32
1.270000e+06 3.58e-32
1.270000e+06 3.58e-32
1.280000e+06 3.58e-32
1.280000e+06 3.58e-32
1.280000e+06 3.58e-32
1.290000e+06 3.58e-32
1.290000e+06 3.58e-32
1.290000e+06 3.58e-32
1.300000e+06 3.58e-32
1.300000e+06 3.58e-32
1.310000e+06 3.58e-32
1.310000e+06 3.58e-32
1.310000e+06 3.58e-32
1.320000e+06 3.58e-32
1.320000e+06 3.58e-32
1.320000e+06 3.58e-32
1.330000e+06 3.58e-32
1.330000e+06 3.58e-32
1.330000e+06 3.58e-32
1.340000e+06 3.58e-32
1.340000e+06 3.58e-32
1.340000e+06 3.58e-32
1.350000e+06 3.58e-32
1.350000e+06 3.58e-32
1.350000e+06 3.58e-32
1.360000e+06 3.58e-32
1.360000e+06 3.58e-32
1.360000e+06 3.58e-32
1.370000e+06 3.58e-32
1.370000e+06 3.58e-32
1.370000e+06 3.58e-32
1.380000e+06 3.58e-32
1.380000e+06 3.58e-32
1.380000e+06 3.58e-32
