3.000000e+06 0
3.650000e+03 6.75e-07
1.090000e+04 1.74e-05
1.820000e+04 6.71e-05
2.550000e+04 0.000146717
3.280000e+04 0.000247191
4.010000e+04 0.000356328
4.740000e+04 0.000468953
5.470000e+04 0.000589004
6.200000e+04 0.000709956
6.930000e+04 0.000850371
7.660000e+04 0.00095062
8.390000e+04 0.00108147
9.120000e+04 0.0012103
9.850000e+04 0.00131235
1.060000e+05 0.00147122
1.130000e+05 0.00156978
1.200000e+05 0.00168927
1.280000e+05 0.00180999
1.350000e+05 0.00192104
1.420000e+05 0.00204694
1.500000e+05 0.00213245
1.570000e+05 0.00225746
1.640000e+05 0.00235849
1.710000e+05 0.00249778
1.790000e+05 0.00258903
1.860000e+05 0.00268928
1.930000e+05 0.00278818
2.010000e+05 0.0028792
2.080000e+05 0.00294468
2.150000e+05 0.00311717
2.220000e+05 0.00316341
2.300000e+05 0.0032865
2.370000e+05 0.00339496
2.440000e+05 0.00346134
2.520000e+05 0.0035464
2.590000e+05 0.00362764
2.660000e+05 0.00372271
2.740000e+05 0.00379596
2.810000e+05 0.0038881
2.880000e+05 0.00400872
2.950000e+05 0.00406992
3.030000e+05 0.00415926
3.100000e+05 0.00424072
3.170000e+05 0.00437045
3.250000e+05 0.0044078
3.320000e+05 0.0044797
3.390000e+05 0.00456453
3.460000e+05 0.00463811
3.540000e+05 0.00467682
3.610000e+05 0.00475535
3.680000e+05 0.00481093
3.760000e+05 0.00489228
3.830000e+05 0.0049923
3.900000e+05 0.00497498
3.980000e+05 0.00510572
4.050000e+05 0.00516074
4.120000e+05 0.00518065
4.190000e+05 0.00524816
4.270000e+05 0.00531634
4.340000e+05 0.00536247
4.410000e+05 0.00545844
4.490000e+05 0.00552426
4.560000e+05 0.00558772
4.630000e+05 0.00561045
4.700000e+05 0.00570046
4.780000e+05 0.00572071
4.850000e+05 0.00575548
4.920000e+05 0.00578439
5.000000e+05 0.00585753
5.070000e+05 0.00589601
5.140000e+05 0.00595868
5.210000e+05 0.00603001
5.290000e+05 0.00598275
5.360000e+05 0.00604385
5.430000e+05 0.00604295
5.510000e+05 0.00611563
5.580000e+05 0.00618865
5.650000e+05 0.0061972
5.730000e+05 0.00618696
5.800000e+05 0.00620823
5.870000e+05 0.00628271
5.940000e+05 0.00628271
6.020000e+05 0.00630375
6.090000e+05 0.0063581
6.160000e+05 0.00634009
6.240000e+05 0.00642639
6.310000e+05 0.00643989
6.380000e+05 0.00645632
6.450000e+05 0.00644957
6.530000e+05 0.00648456
6.600000e+05 0.00651674
6.670000e+05 0.00654284
6.750000e+05 0.00653148
6.820000e+05 0.00657007
6.890000e+05 0.00650121
6.970000e+05 0.00655747
7.040000e+05 0.00657356
7.110000e+05 0.00659989
7.180000e+05 0.00666627
7.260000e+05 0.00660911
7.330000e+05 0.00659505
7.400000e+05 0.00662993
7.480000e+05 0.00664849
7.550000e+05 0.0065973
7.620000e+05 0.00659606
7.690000e+05 0.00659145
7.770000e+05 0.00660585
7.840000e+05 0.00663083
7.910000e+05 0.00662183
7.990000e+05 0.0065793
8.060000e+05 0.00656422
8.130000e+05 0.00658087
8.210000e+05 0.00654678
8.280000e+05 0.00654926
8.350000e+05 0.00648861
8.420000e+05 0.00653227
8.500000e+05 0.00657232
8.570000e+05 0.00654982
8.640000e+05 0.00649761
8.720000e+05 0.00649469
8.790000e+05 0.00648085
8.860000e+05 0.00646611
8.930000e+05 0.00643753
9.010000e+05 0.00635427
9.080000e+05 0.00641345
9.150000e+05 0.0063536
9.230000e+05 0.00640254
9.300000e+05 0.00632794
9.370000e+05 0.00630431
9.450000e+05 0.00624986
9.520000e+05 0.00628429
9.590000e+05 0.0062682
9.660000e+05 0.00622758
9.740000e+05 0.00618426
9.810000e+05 0.00612249
9.880000e+05 0.00611642
9.960000e+05 0.0060965
1.000000e+06 0.00603687
1.010000e+06 0.00600559
1.020000e+06 0.00593674
1.020000e+06 0.00591221
1.030000e+06 0.00587463
1.040000e+06 0.00587564
1.050000e+06 0.0058096
1.050000e+06 0.00581578
1.060000e+06 0.00572949
1.070000e+06 0.00565883
1.080000e+06 0.00562305
1.080000e+06 0.00563711
1.090000e+06 0.00555824
1.100000e+06 0.00545102
1.100000e+06 0.00546654
1.110000e+06 0.00538554
1.120000e+06 0.00536832
1.130000e+06 0.00531769
1.130000e+06 0.00521609
1.140000e+06 0.00519179
1.150000e+06 0.00512597
1.160000e+06 0.00511146
1.160000e+06 0.0050435
1.170000e+06 0.00501706
1.180000e+06 0.00494494
1.190000e+06 0.00492997
1.190000e+06 0.00486629
1.200000e+06 0.0047675
1.210000e+06 0.00469223
1.210000e+06 0.00465522
1.220000e+06 0.00460177
1.230000e+06 0.00450839
1.240000e+06 0.00447463
1.240000e+06 0.00441433
1.250000e+06 0.00437326
1.260000e+06 0.00430699
1.270000e+06 0.00426142
1.270000e+06 0.00420235
1.280000e+06 0.00412596
1.290000e+06 0.00404945
1.290000e+06 0.00401412
1.300000e+06 0.00391016
1.310000e+06 0.0038989
1.320000e+06 0.00378302
1.320000e+06 0.00373666
1.330000e+06 0.00369211
1.340000e+06 0.00358432
1.350000e+06 0.00356305
1.350000e+06 0.00349363
1.360000e+06 0.00343366
1.370000e+06 0.00334118
1.370000e+06 0.00330315
1.380000e+06 0.00323159
1.390000e+06 0.00316273
1.400000e+06 0.00308071
1.400000e+06 0.00300274
1.410000e+06 0.0029619
1.420000e+06 0.00289979
1.430000e+06 0.00282688
1.430000e+06 0.00276523
1.440000e+06 0.00266194
1.450000e+06 0.00261885
1.460000e+06 0.00258296
1.460000e+06 0.00249126
1.470000e+06 0.00243466
1.480000e+06 0.00238606
1.480000e+06 0.00229144
1.490000e+06 0.0022228
1.500000e+06 0.00220165
1.510000e+06 0.00211682
1.510000e+06 0.00204571
1.520000e+06 0.00198911
1.530000e+06 0.00192982
1.540000e+06 0.00189303
1.540000e+06 0.00181821
1.550000e+06 0.00175317
1.560000e+06 0.00166474
1.560000e+06 0.00164257
1.570000e+06 0.0015655
1.580000e+06 0.00150092
1.590000e+06 0.00142475
1.590000e+06 0.0013991
1.600000e+06 0.00134689
1.610000e+06 0.00128816
1.620000e+06 0.00123989
1.620000e+06 0.0011725
1.630000e+06 0.00113323
1.640000e+06 0.00108766
1.640000e+06 0.00100935
1.650000e+06 0.000963221
1.660000e+06 0.000915516
1.670000e+06 0.000884238
1.670000e+06 0.000833607
1.680000e+06 0.00079074
1.690000e+06 0.000715806
1.700000e+06 0.000665063
1.700000e+06 0.000633897
1.710000e+06 0.000580116
1.720000e+06 0.000543099
1.720000e+06 0.00052926
1.730000e+06 0.000470753
1.740000e+06 0.000443975
1.750000e+06 0.000403246
1.750000e+06 0.000366004
1.760000e+06 0.000327975
1.770000e+06 0.000308172
1.780000e+06 0.000275319
1.780000e+06 0.000244265
1.790000e+06 0.000210849
1.800000e+06 0.000189697
1.810000e+06 0.000161456
1.810000e+06 0.000135015
1.820000e+06 0.000116113
1.830000e+06 9.41e-05
1.830000e+06 8.13e-05
1.840000e+06 5.96e-05
1.850000e+06 4.91e-05
1.860000e+06 3.59e-05
1.860000e+06 2.43e-05
1.870000e+06 1.44e-05
1.880000e+06 9.00e-06
1.890000e+06 3.71e-06
1.890000e+06 6.75e-07
1.900000e+06 8.21e-32
1.910000e+06 8.21e-32
1.910000e+06 8.21e-32
1.920000e+06 8.21e-32
1.930000e+06 8.21e-32
1.940000e+06 8.21e-32
1.940000e+06 8.21e-32
1.950000e+06 8.21e-32
1.960000e+06 8.21e-32
1.970000e+06 8.21e-32
1.970000e+06 8.21e-32
1.980000e+06 8.21e-32
1.990000e+06 8.21e-32
1.990000e+06 8.21e-32
2.000000e+06 8.21e-32
2.010000e+06 8.21e-32
2.020000e+06 8.21e-32
2.020000e+06 8.21e-32
2.030000e+06 8.21e-32
2.040000e+06 8.21e-32
2.050000e+06 8.21e-32
2.050000e+06 8.21e-32
2.060000e+06 8.21e-32
2.070000e+06 8.21e-32
2.080000e+06 8.21e-32
2.080000e+06 8.21e-32
2.090000e+06 8.21e-32
2.100000e+06 8.21e-32
2.100000e+06 8.21e-32
2.110000e+06 8.21e-32
2.120000e+06 8.21e-32
2.130000e+06 8.21e-32
2.130000e+06 8.21e-32
2.140000e+06 8.21e-32
2.150000e+06 8.21e-32
2.160000e+06 8.21e-32
2.160000e+06 8.21e-32
2.170000e+06 8.21e-32
2.180000e+06 8.21e-32
2.180000e+06 8.21e-32
2.190000e+06 8.21e-32
2.200000e+06 8.21e-32
2.210000e+06 8.21e-32
2.210000e+06 8.21e-32
2.220000e+06 8.21e-32
2.230000e+06 8.21e-32
2.240000e+06 8.21e-32
2.240000e+06 8.21e-32
2.250000e+06 8.21e-32
2.260000e+06 8.21e-32
2.260000e+06 8.21e-32
2.270000e+06 8.21e-32
2.280000e+06 8.21e-32
2.290000e+06 8.21e-32
2.290000e+06 8.21e-32
2.300000e+06 8.21e-32
2.310000e+06 8.21e-32
2.320000e+06 8.21e-32
2.320000e+06 8.21e-32
2.330000e+06 8.21e-32
2.340000e+06 8.21e-32
2.340000e+06 8.21e-32
2.350000e+06 8.21e-32
2.360000e+06 8.21e-32
2.370000e+06 8.21e-32
2.370000e+06 8.21e-32
2.380000e+06 8.21e-32
2.390000e+06 8.21e-32
2.400000e+06 8.21e-32
2.400000e+06 8.21e-32
2.410000e+06 8.21e-32
2.420000e+06 8.21e-32
2.430000e+06 8.21e-32
2.430000e+06 8.21e-32
2.440000e+06 8.21e-32
2.450000e+06 8.21e-32
2.450000e+06 8.21e-32
2.460000e+06 8.21e-32
2.470000e+06 8.21e-32
2.480000e+06 8.21e-32
2.480000e+06 8.21e-32
2.490000e+06 8.21e-32
2.500000e+06 8.21e-32
2.510000e+06 8.21e-32
2.510000e+06 8.21e-32
2.520000e+06 8.21e-32
2.530000e+06 8.21e-32
2.530000e+06 8.21e-32
2.540000e+06 8.21e-32
2.550000e+06 8.21e-32
2.560000e+06 8.21e-32
2.560000e+06 8.21e-32
2.570000e+06 8.21e-32
2.580000e+06 8.21e-32
2.590000e+06 8.21e-32
2.590000e+06 8.21e-32
2.600000e+06 8.21e-32
2.610000e+06 8.21e-32
2.610000e+06 8.21e-32
2.620000e+06 8.21e-32
2.630000e+06 8.21e-32
2.640000e+06 8.21e-32
2.640000e+06 8.21e-32
2.650000e+06 8.21e-32
2.660000e+06 8.21e-32
2.670000e+06 8.21e-32
2.670000e+06 8.21e-32
2.680000e+06 8.21e-32
2.690000e+06 8.21e-32
2.690000e+06 8.21e-32
2.700000e+06 8.21e-32
2.710000e+06 8.21e-32
2.720000e+06 8.21e-32
2.720000e+06 8.21e-32
2.730000e+06 8.21e-32
2.740000e+06 8.21e-32
2.750000e+06 8.21e-32
2.750000e+06 8.21e-32
2.760000e+06 8.21e-32
2.770000e+06 8.21e-32
2.780000e+06 8.21e-32
2.780000e+06 8.21e-32
2.790000e+06 8.21e-32
2.800000e+06 8.21e-32
2.800000e+06 8.21e-32
2.810000e+06 8.21e-32
2.820000e+06 8.21e-32
2.830000e+06 8.21e-32
2.830000e+06 8.21e-32
2.840000e+06 8.21e-32
2.850000e+06 8.21e-32
2.860000e+06 8.21e-32
2.860000e+06 8.21e-32
2.870000e+06 8.21e-32
2.880000e+06 8.21e-32
2.880000e+06 8.21e-32
2.890000e+06 8.21e-32
2.900000e+06 8.21e-32
2.910000e+06 8.21e-32
2.910000e+06 8.21e-32
