3.000000e+06 0
4.010000e+03 4.53e-07
1.200000e+04 4.53e-07
2.000000e+04 1.09e-05
2.810000e+04 4.48e-05
3.610000e+04 9.64e-05
4.410000e+04 0.000176138
5.210000e+04 0.000273489
6.010000e+04 0.000383972
6.810000e+04 0.000505321
7.610000e+04 0.000651122
8.420000e+04 0.000791942
9.220000e+04 0.000950421
1.000000e+05 0.00114875
1.080000e+05 0.00125832
1.160000e+05 0.00143084
1.240000e+05 0.00161196
1.320000e+05 0.00179489
1.400000e+05 0.00190763
1.480000e+05 0.00212135
1.560000e+05 0.00221236
1.640000e+05 0.00241929
1.720000e+05 0.00259317
1.800000e+05 0.00273127
1.880000e+05 0.00289881
1.960000e+05 0.00306951
2.040000e+05 0.00323931
2.120000e+05 0.00340775
2.200000e+05 0.00352412
2.280000e+05 0.00368622
2.360000e+05 0.00399276
2.440000e+05 0.00398959
2.520000e+05 0.00412634
2.600000e+05 0.00426127
2.690000e+05 0.00438262
2.770000e+05 0.0045497
2.850000e+05 0.00464343
2.930000e+05 0.00481232
3.010000e+05 0.00483496
3.090000e+05 0.00494545
3.170000e+05 0.00520082
3.250000e+05 0.00530768
3.330000e+05 0.00535477
3.410000e+05 0.00542451
3.490000e+05 0.00555854
3.570000e+05 0.00571022
3.650000e+05 0.00577271
3.730000e+05 0.00591126
3.810000e+05 0.00595881
3.890000e+05 0.00606702
3.970000e+05 0.00611864
4.050000e+05 0.00623411
4.130000e+05 0.00627848
4.210000e+05 0.00634233
4.290000e+05 0.00651303
4.370000e+05 0.00661129
4.450000e+05 0.00665521
4.530000e+05 0.00670411
4.610000e+05 0.00673128
4.690000e+05 0.00688025
4.770000e+05 0.00693322
4.850000e+05 0.00693051
4.930000e+05 0.00698303
5.010000e+05 0.00707042
5.090000e+05 0.00706001
5.170000e+05 0.00716823
5.250000e+05 0.00714695
5.330000e+05 0.00734708
5.410000e+05 0.00730769
5.490000e+05 0.00726965
5.570000e+05 0.00727599
5.650000e+05 0.00739191
5.730000e+05 0.00733893
5.810000e+05 0.00737561
5.890000e+05 0.00743402
5.970000e+05 0.00743356
6.050000e+05 0.00750828
6.130000e+05 0.00740911
6.210000e+05 0.00747975
6.290000e+05 0.00748247
6.370000e+05 0.00741138
6.450000e+05 0.00741908
6.530000e+05 0.00748473
6.610000e+05 0.00743719
6.690000e+05 0.00762057
6.770000e+05 0.00746481
6.850000e+05 0.00749198
6.930000e+05 0.00757348
7.010000e+05 0.00745258
7.090000e+05 0.00754631
7.170000e+05 0.00753726
7.250000e+05 0.00744851
7.330000e+05 0.00739145
7.410000e+05 0.00744851
7.490000e+05 0.00741908
7.570000e+05 0.00737651
7.650000e+05 0.00738421
7.730000e+05 0.00734074
7.810000e+05 0.00732127
7.890000e+05 0.00724022
7.970000e+05 0.00726829
8.060000e+05 0.00733984
8.140000e+05 0.0072375
8.220000e+05 0.00722347
8.300000e+05 0.00715645
8.380000e+05 0.00714876
8.460000e+05 0.00715238
8.540000e+05 0.00696945
8.620000e+05 0.00700794
8.700000e+05 0.00694409
8.780000e+05 0.0068884
8.860000e+05 0.00684402
8.940000e+05 0.0068404
9.020000e+05 0.00678108
9.100000e+05 0.00670954
9.180000e+05 0.0066226
9.260000e+05 0.00660404
9.340000e+05 0.0065642
9.420000e+05 0.00648405
9.500000e+05 0.00645643
9.580000e+05 0.00641613
9.660000e+05 0.00627305
9.740000e+05 0.006355
9.820000e+05 0.00627214
9.900000e+05 0.00624995
9.980000e+05 0.0061852
1.010000e+06 0.00605525
1.010000e+06 0.00596198
1.020000e+06 0.00596152
1.030000e+06 0.00592213
1.040000e+06 0.00578086
1.050000e+06 0.00573965
1.050000e+06 0.0056586
1.060000e+06 0.00557574
1.070000e+06 0.00563098
1.080000e+06 0.00546073
1.090000e+06 0.00538738
1.090000e+06 0.00537696
1.100000e+06 0.00533938
1.110000e+06 0.00523116
1.120000e+06 0.00520671
1.130000e+06 0.00502242
1.130000e+06 0.00504416
1.140000e+06 0.00489971
1.150000e+06 0.00480236
1.160000e+06 0.00472946
1.170000e+06 0.0046706
1.170000e+06 0.0046226
1.180000e+06 0.00457642
1.190000e+06 0.00448495
1.200000e+06 0.0043799
1.210000e+06 0.00432104
1.210000e+06 0.00424044
1.220000e+06 0.00422641
1.230000e+06 0.00408876
1.240000e+06 0.00410098
1.250000e+06 0.00395473
1.250000e+06 0.00387956
1.260000e+06 0.00380576
1.270000e+06 0.00365407
1.280000e+06 0.0036346
1.290000e+06 0.00356668
1.290000e+06 0.00360019
1.300000e+06 0.00340684
1.310000e+06 0.00342133
1.320000e+06 0.00330361
1.330000e+06 0.00320399
1.330000e+06 0.00323433
1.340000e+06 0.00314467
1.350000e+06 0.00304778
1.360000e+06 0.00305638
1.370000e+06 0.00288749
1.370000e+06 0.00285443
1.380000e+06 0.00283451
1.390000e+06 0.00273625
1.400000e+06 0.00270501
1.410000e+06 0.00259317
1.410000e+06 0.00254427
1.420000e+06 0.0025171
1.430000e+06 0.00245506
1.440000e+06 0.00240661
1.450000e+06 0.00234458
1.450000e+06 0.00234322
1.460000e+06 0.00219289
1.470000e+06 0.0022101
1.480000e+06 0.00218565
1.490000e+06 0.00216844
1.490000e+06 0.00208558
1.500000e+06 0.00197917
1.510000e+06 0.00203442
1.520000e+06 0.00192484
1.530000e+06 0.00194521
1.530000e+06 0.00194159
1.540000e+06 0.00189677
1.550000e+06 0.0018859
1.560000e+06 0.0018773
1.570000e+06 0.00178628
1.570000e+06 0.00179579
1.580000e+06 0.00182205
1.590000e+06 0.00180575
1.600000e+06 0.00171474
1.610000e+06 0.00166131
1.620000e+06 0.00161241
1.620000e+06 0.00167127
1.630000e+06 0.00161196
1.640000e+06 0.00160199
1.650000e+06 0.00160109
1.660000e+06 0.00154811
1.660000e+06 0.00151279
1.670000e+06 0.00142676
1.680000e+06 0.00142631
1.690000e+06 0.00138873
1.700000e+06 0.00142088
1.700000e+06 0.00129953
1.710000e+06 0.00126194
1.720000e+06 0.00127508
1.730000e+06 0.00121621
1.740000e+06 0.00126466
1.740000e+06 0.00120399
1.750000e+06 0.00114241
1.760000e+06 0.0011492
1.770000e+06 0.00105004
1.780000e+06 0.00104098
1.780000e+06 0.00100521
1.790000e+06 0.000951326
1.800000e+06 0.000948156
1.810000e+06 0.000927781
1.820000e+06 0.000893821
1.820000e+06 0.000891557
1.830000e+06 0.000821373
1.840000e+06 0.000770207
1.850000e+06 0.000747115
1.860000e+06 0.000704099
1.860000e+06 0.000679648
1.870000e+06 0.000662894
1.880000e+06 0.00061354
1.890000e+06 0.000608106
1.900000e+06 0.000547884
1.900000e+06 0.000534753
1.910000e+06 0.000492643
1.920000e+06 0.000486756
1.930000e+06 0.000441024
1.940000e+06 0.000416573
1.940000e+06 0.000372652
1.950000e+06 0.000366765
1.960000e+06 0.000341862
1.970000e+06 0.000304732
1.980000e+06 0.000261717
1.980000e+06 0.000278017
1.990000e+06 0.000244057
2.000000e+06 0.000252661
2.010000e+06 0.00019108
2.020000e+06 0.000177949
2.020000e+06 0.000161648
2.030000e+06 0.000130858
2.040000e+06 0.000102332
2.050000e+06 8.74e-05
2.060000e+06 7.92e-05
2.060000e+06 6.38e-05
2.070000e+06 5.98e-05
2.080000e+06 4.53e-05
2.090000e+06 3.71e-05
2.100000e+06 2.35e-05
2.100000e+06 2.13e-05
2.110000e+06 6.79e-06
2.120000e+06 2.72e-06
2.130000e+06 2.26e-06
2.140000e+06 3.63e-31
2.140000e+06 3.63e-31
2.150000e+06 3.63e-31
2.160000e+06 3.63e-31
2.170000e+06 3.63e-31
2.180000e+06 3.63e-31
2.180000e+06 3.63e-31
2.190000e+06 3.63e-31
2.200000e+06 3.63e-31
2.210000e+06 3.63e-31
2.220000e+06 3.63e-31
2.220000e+06 3.63e-31
2.230000e+06 3.63e-31
2.240000e+06 3.63e-31
2.250000e+06 3.63e-31
2.260000e+06 3.63e-31
2.260000e+06 3.63e-31
2.270000e+06 3.63e-31
2.280000e+06 3.63e-31
2.290000e+06 3.63e-31
2.300000e+06 3.63e-31
2.300000e+06 3.63e-31
2.310000e+06 3.63e-31
2.320000e+06 3.63e-31
2.330000e+06 3.63e-31
2.340000e+06 3.63e-31
2.340000e+06 3.63e-31
2.350000e+06 3.63e-31
2.360000e+06 3.63e-31
2.370000e+06 3.63e-31
2.380000e+06 3.63e-31
2.380000e+06 3.63e-31
2.390000e+06 3.63e-31
2.400000e+06 3.63e-31
2.410000e+06 3.63e-31
2.420000e+06 3.63e-31
2.420000e+06 3.63e-31
2.430000e+06 3.63e-31
2.440000e+06 3.63e-31
2.450000e+06 3.63e-31
2.460000e+06 3.63e-31
2.460000e+06 3.63e-31
2.470000e+06 3.63e-31
2.480000e+06 3.63e-31
2.490000e+06 3.63e-31
2.500000e+06 3.63e-31
2.500000e+06 3.63e-31
2.510000e+06 3.63e-31
2.520000e+06 3.63e-31
2.530000e+06 3.63e-31
2.540000e+06 3.63e-31
2.540000e+06 3.63e-31
2.550000e+06 3.63e-31
2.560000e+06 3.63e-31
2.570000e+06 3.63e-31
2.580000e+06 3.63e-31
2.580000e+06 3.63e-31
2.590000e+06 3.63e-31
2.600000e+06 3.63e-31
2.610000e+06 3.63e-31
2.620000e+06 3.63e-31
2.620000e+06 3.63e-31
2.630000e+06 3.63e-31
2.640000e+06 3.63e-31
2.650000e+06 3.63e-31
2.660000e+06 3.63e-31
2.670000e+06 3.63e-31
2.670000e+06 3.63e-31
2.680000e+06 3.63e-31
2.690000e+06 3.63e-31
2.700000e+06 3.63e-31
2.710000e+06 3.63e-31
2.710000e+06 3.63e-31
2.720000e+06 3.63e-31
2.730000e+06 3.63e-31
2.740000e+06 3.63e-31
2.750000e+06 3.63e-31
2.750000e+06 3.63e-31
2.760000e+06 3.63e-31
2.770000e+06 3.63e-31
2.780000e+06 3.63e-31
2.790000e+06 3.63e-31
2.790000e+06 3.63e-31
2.800000e+06 3.63e-31
2.810000e+06 3.63e-31
2.820000e+06 3.63e-31
2.830000e+06 3.63e-31
2.830000e+06 3.63e-31
2.840000e+06 3.63e-31
2.850000e+06 3.63e-31
2.860000e+06 3.63e-31
2.870000e+06 3.63e-31
2.870000e+06 3.63e-31
2.880000e+06 3.63e-31
2.890000e+06 3.63e-31
2.900000e+06 3.63e-31
2.910000e+06 3.63e-31
2.910000e+06 3.63e-31
2.920000e+06 3.63e-31
2.930000e+06 3.63e-31
2.940000e+06 3.63e-31
2.950000e+06 3.63e-31
2.950000e+06 3.63e-31
2.960000e+06 3.63e-31
2.970000e+06 3.63e-31
2.980000e+06 3.63e-31
2.990000e+06 3.63e-31
2.990000e+06 3.63e-31
3.000000e+06 3.63e-31
3.010000e+06 3.63e-31
3.020000e+06 3.63e-31
3.030000e+06 3.63e-31
3.030000e+06 3.63e-31
3.040000e+06 3.63e-31
3.050000e+06 3.63e-31
3.060000e+06 3.63e-31
3.070000e+06 3.63e-31
3.070000e+06 3.63e-31
3.080000e+06 3.63e-31
3.090000e+06 3.63e-31
3.100000e+06 3.63e-31
3.110000e+06 3.63e-31
3.110000e+06 3.63e-31
3.120000e+06 3.63e-31
3.130000e+06 3.63e-31
3.140000e+06 3.63e-31
3.150000e+06 3.63e-31
3.150000e+06 3.63e-31
3.160000e+06 3.63e-31
3.170000e+06 3.63e-31
3.180000e+06 3.63e-31
3.190000e+06 3.63e-31
3.190000e+06 3.63e-31
3.200000e+06 3.63e-31
