3.000000e+06 0
5.890000e+03 4.19e-07
1.770000e+04 1.14e-05
2.940000e+04 5.21e-05
4.120000e+04 0.000115551
5.300000e+04 0.000180294
6.480000e+04 0.000254779
7.650000e+04 0.00034414
8.830000e+04 0.000430463
1.000000e+05 0.000522234
1.120000e+05 0.000617147
1.240000e+05 0.000689432
1.350000e+05 0.000805926
1.470000e+05 0.000861974
1.590000e+05 0.000941906
1.710000e+05 0.00106322
1.830000e+05 0.00113163
1.940000e+05 0.00120444
2.060000e+05 0.00129757
2.180000e+05 0.00140055
2.300000e+05 0.00148247
2.410000e+05 0.0015667
2.530000e+05 0.00166937
2.650000e+05 0.00173694
2.770000e+05 0.00181195
2.890000e+05 0.00190969
3.000000e+05 0.00199905
3.120000e+05 0.00207165
3.240000e+05 0.00214729
3.360000e+05 0.00225048
3.470000e+05 0.0022839
3.590000e+05 0.00238866
3.710000e+05 0.00247205
3.830000e+05 0.00255345
3.950000e+05 0.00264689
4.060000e+05 0.00272379
4.180000e+05 0.00279261
4.300000e+05 0.00285076
4.420000e+05 0.00294703
4.530000e+05 0.00303357
4.650000e+05 0.00309485
4.770000e+05 0.00317688
4.890000e+05 0.00322559
5.000000e+05 0.00326058
5.120000e+05 0.00339237
5.240000e+05 0.00349388
5.360000e+05 0.00355601
5.480000e+05 0.00362358
5.590000e+05 0.00367585
5.710000e+05 0.00373421
5.830000e+05 0.0038529
5.950000e+05 0.00391649
6.060000e+05 0.00393514
6.180000e+05 0.00402031
6.300000e+05 0.00407279
6.420000e+05 0.00415472
6.540000e+05 0.00420165
6.650000e+05 0.00427435
6.770000e+05 0.0042819
6.890000e+05 0.00442238
7.010000e+05 0.0044493
7.120000e+05 0.00447382
7.240000e+05 0.00455092
7.360000e+05 0.00459188
7.480000e+05 0.00468229
7.600000e+05 0.00475898
7.710000e+05 0.00483566
7.830000e+05 0.00482403
7.950000e+05 0.00487568
8.070000e+05 0.00499427
8.180000e+05 0.00495174
8.300000e+05 0.00503827
8.420000e+05 0.0051094
8.540000e+05 0.00514471
8.660000e+05 0.00517163
8.770000e+05 0.00522024
8.890000e+05 0.00525617
9.010000e+05 0.0052986
9.130000e+05 0.00538241
9.240000e+05 0.00537414
9.360000e+05 0.00542201
9.480000e+05 0.00545993
9.600000e+05 0.0055779
9.720000e+05 0.00555673
9.830000e+05 0.00559497
9.950000e+05 0.00561551
1.010000e+06 0.00563101
1.020000e+06 0.00568968
1.030000e+06 0.00577799
1.040000e+06 0.00578029
1.050000e+06 0.00580135
1.070000e+06 0.00586316
1.080000e+06 0.00584818
1.090000e+06 0.00590098
1.100000e+06 0.00586012
1.110000e+06 0.00593953
1.120000e+06 0.00596939
1.140000e+06 0.00595158
1.150000e+06 0.00599348
1.160000e+06 0.0060224
1.170000e+06 0.00607216
1.180000e+06 0.0060202
1.200000e+06 0.0060796
1.210000e+06 0.00609803
1.220000e+06 0.0061192
1.230000e+06 0.00609919
1.240000e+06 0.00614926
1.250000e+06 0.00616047
1.270000e+06 0.00616623
1.280000e+06 0.0061588
1.290000e+06 0.00623108
1.300000e+06 0.00617807
1.310000e+06 0.00623967
1.320000e+06 0.0061962
1.340000e+06 0.00621725
1.350000e+06 0.00620133
1.360000e+06 0.00624302
1.370000e+06 0.00621778
1.380000e+06 0.00623349
1.400000e+06 0.00615471
1.410000e+06 0.00620667
1.420000e+06 0.006258
1.430000e+06 0.0062205
1.440000e+06 0.00626743
1.450000e+06 0.00623747
1.470000e+06 0.00616896
1.480000e+06 0.00620238
1.490000e+06 0.00617671
1.500000e+06 0.00617419
1.510000e+06 0.00614842
1.530000e+06 0.00613805
1.540000e+06 0.0061743
1.550000e+06 0.00615125
1.560000e+06 0.00611448
1.570000e+06 0.00608661
1.580000e+06 0.00604523
1.600000e+06 0.0060401
1.610000e+06 0.00603664
1.620000e+06 0.00603989
1.630000e+06 0.00603696
1.640000e+06 0.00598646
1.650000e+06 0.00595902
1.670000e+06 0.00594665
1.680000e+06 0.00588945
1.690000e+06 0.00585509
1.700000e+06 0.00583917
1.710000e+06 0.00586274
1.730000e+06 0.00579685
1.740000e+06 0.00575107
1.750000e+06 0.00571377
1.760000e+06 0.00570172
1.770000e+06 0.00568842
1.780000e+06 0.0056089
1.800000e+06 0.00559969
1.810000e+06 0.00559193
1.820000e+06 0.00553924
1.830000e+06 0.0055317
1.840000e+06 0.0054394
1.850000e+06 0.00542756
1.870000e+06 0.00534512
1.880000e+06 0.00536031
1.890000e+06 0.0052809
1.900000e+06 0.00521448
1.910000e+06 0.00526424
1.930000e+06 0.00520065
1.940000e+06 0.00515791
1.950000e+06 0.00513549
1.960000e+06 0.00505598
1.970000e+06 0.00499658
1.980000e+06 0.00494137
2.000000e+06 0.00493299
2.010000e+06 0.00483273
2.020000e+06 0.00482603
2.030000e+06 0.00480361
2.040000e+06 0.00472556
2.050000e+06 0.00466585
2.070000e+06 0.00465254
2.080000e+06 0.00457523
2.090000e+06 0.0045196
2.100000e+06 0.00452222
2.110000e+06 0.00448105
2.130000e+06 0.00436193
2.140000e+06 0.00434077
2.150000e+06 0.00427896
2.160000e+06 0.00423612
2.170000e+06 0.00418206
2.180000e+06 0.00412119
2.200000e+06 0.00404943
2.210000e+06 0.00397998
2.220000e+06 0.00395253
2.230000e+06 0.00386945
2.240000e+06 0.00385573
2.260000e+06 0.00375589
2.270000e+06 0.00376637
2.280000e+06 0.00369314
2.290000e+06 0.00365082
2.300000e+06 0.00356366
2.310000e+06 0.0035229
2.330000e+06 0.00345879
2.340000e+06 0.00340369
2.350000e+06 0.00333936
2.360000e+06 0.00326425
2.370000e+06 0.0032302
2.380000e+06 0.00319752
2.400000e+06 0.00314943
2.410000e+06 0.0030893
2.420000e+06 0.00300182
2.430000e+06 0.00296065
2.440000e+06 0.0028584
2.460000e+06 0.0028694
2.470000e+06 0.00276999
2.480000e+06 0.00275071
2.490000e+06 0.00268639
2.500000e+06 0.00264825
2.510000e+06 0.00260059
2.530000e+06 0.00254087
2.540000e+06 0.00243056
2.550000e+06 0.00241139
2.560000e+06 0.00236823
2.570000e+06 0.00234151
2.580000e+06 0.00227405
2.600000e+06 0.00220522
2.610000e+06 0.00216321
2.620000e+06 0.00210884
2.630000e+06 0.00207416
2.640000e+06 0.0020111
2.660000e+06 0.00197014
2.670000e+06 0.00191807
2.680000e+06 0.00188675
2.690000e+06 0.00182242
2.700000e+06 0.00178502
2.710000e+06 0.0017206
2.730000e+06 0.00168613
2.740000e+06 0.0016591
2.750000e+06 0.00160012
2.760000e+06 0.00153003
2.770000e+06 0.00148509
2.790000e+06 0.00143103
2.800000e+06 0.00139144
2.810000e+06 0.00134901
2.820000e+06 0.00129432
2.830000e+06 0.00123325
2.840000e+06 0.00122277
2.860000e+06 0.001186
2.870000e+06 0.00111853
2.880000e+06 0.00107977
2.890000e+06 0.00104007
2.900000e+06 0.000994915
2.910000e+06 0.000972287
2.930000e+06 0.00089864
2.940000e+06 0.000867735
2.950000e+06 0.000842383
2.960000e+06 0.000796498
2.970000e+06 0.000752708
2.990000e+06 0.000710175
3.000000e+06 0.000685556
3.010000e+06 0.000646376
3.020000e+06 0.000612433
3.030000e+06 0.000563719
3.040000e+06 0.000535853
3.060000e+06 0.00051291
3.070000e+06 0.00046671
3.080000e+06 0.000427844
3.090000e+06 0.000399349
3.100000e+06 0.000366873
3.110000e+06 0.000353673
3.130000e+06 0.000326435
3.140000e+06 0.000287988
3.150000e+06 0.000264731
3.160000e+06 0.000247131
3.170000e+06 0.000219055
3.190000e+06 0.000196532
3.200000e+06 0.000167932
3.210000e+06 0.000152008
3.220000e+06 0.000131894
3.230000e+06 0.000115342
3.240000e+06 9.58e-05
3.260000e+06 8.07e-05
3.270000e+06 6.70e-05
3.280000e+06 5.55e-05
3.290000e+06 4.45e-05
3.300000e+06 3.92e-05
3.320000e+06 2.17e-05
3.330000e+06 1.59e-05
3.340000e+06 9.32e-06
3.350000e+06 4.71e-06
3.360000e+06 1.68e-06
3.370000e+06 6.29e-07
3.390000e+06 1.23e-31
3.400000e+06 1.23e-31
3.410000e+06 1.23e-31
3.420000e+06 1.23e-31
3.430000e+06 1.23e-31
3.440000e+06 1.23e-31
3.460000e+06 1.23e-31
3.470000e+06 1.23e-31
3.480000e+06 1.23e-31
3.490000e+06 1.23e-31
3.500000e+06 1.23e-31
3.520000e+06 1.23e-31
3.530000e+06 1.23e-31
3.540000e+06 1.23e-31
3.550000e+06 1.23e-31
3.560000e+06 1.23e-31
3.570000e+06 1.23e-31
3.590000e+06 1.23e-31
3.600000e+06 1.23e-31
3.610000e+06 1.23e-31
3.620000e+06 1.23e-31
3.630000e+06 1.23e-31
3.640000e+06 1.23e-31
3.660000e+06 1.23e-31
3.670000e+06 1.23e-31
3.680000e+06 1.23e-31
3.690000e+06 1.23e-31
3.700000e+06 1.23e-31
3.720000e+06 1.23e-31
3.730000e+06 1.23e-31
3.740000e+06 1.23e-31
3.750000e+06 1.23e-31
3.760000e+06 1.23e-31
3.770000e+06 1.23e-31
3.790000e+06 1.23e-31
3.800000e+06 1.23e-31
3.810000e+06 1.23e-31
3.820000e+06 1.23e-31
3.830000e+06 1.23e-31
3.840000e+06 1.23e-31
3.860000e+06 1.23e-31
3.870000e+06 1.23e-31
3.880000e+06 1.23e-31
3.890000e+06 1.23e-31
3.900000e+06 1.23e-31
3.920000e+06 1.23e-31
3.930000e+06 1.23e-31
3.940000e+06 1.23e-31
3.950000e+06 1.23e-31
3.960000e+06 1.23e-31
3.970000e+06 1.23e-31
3.990000e+06 1.23e-31
4.000000e+06 1.23e-31
4.010000e+06 1.23e-31
4.020000e+06 1.23e-31
4.030000e+06 1.23e-31
4.050000e+06 1.23e-31
4.060000e+06 1.23e-31
4.070000e+06 1.23e-31
4.080000e+06 1.23e-31
4.090000e+06 1.23e-31
4.100000e+06 1.23e-31
4.120000e+06 1.23e-31
4.130000e+06 1.23e-31
4.140000e+06 1.23e-31
4.150000e+06 1.23e-31
4.160000e+06 1.23e-31
4.170000e+06 1.23e-31
4.190000e+06 1.23e-31
4.200000e+06 1.23e-31
4.210000e+06 1.23e-31
4.220000e+06 1.23e-31
4.230000e+06 1.23e-31
4.250000e+06 1.23e-31
4.260000e+06 1.23e-31
4.270000e+06 1.23e-31
4.280000e+06 1.23e-31
4.290000e+06 1.23e-31
4.300000e+06 1.23e-31
4.320000e+06 1.23e-31
4.330000e+06 1.23e-31
4.340000e+06 1.23e-31
4.350000e+06 1.23e-31
4.360000e+06 1.23e-31
4.370000e+06 1.23e-31
4.390000e+06 1.23e-31
4.400000e+06 1.23e-31
4.410000e+06 1.23e-31
4.420000e+06 1.23e-31
4.430000e+06 1.23e-31
4.450000e+06 1.23e-31
4.460000e+06 1.23e-31
4.470000e+06 1.23e-31
4.480000e+06 1.23e-31
4.490000e+06 1.23e-31
4.500000e+06 1.23e-31
4.520000e+06 1.23e-31
4.530000e+06 1.23e-31
4.540000e+06 1.23e-31
4.550000e+06 1.23e-31
4.560000e+06 1.23e-31
4.580000e+06 1.23e-31
4.590000e+06 1.23e-31
4.600000e+06 1.23e-31
4.610000e+06 1.23e-31
4.620000e+06 1.23e-31
4.630000e+06 1.23e-31
4.650000e+06 1.23e-31
4.660000e+06 1.23e-31
4.670000e+06 1.23e-31
4.680000e+06 1.23e-31
4.690000e+06 1.23e-31
4.700000e+06 1.23e-31
